1.200000
1.75
0.5
4.5
3.75
2.0
2.0
2.600000
5.0
2.75
2.25
2.000000
2.5
2.5
3.5
2.5
2.5
2.600000
1.800000
1.200000
1.75
4.200000
2.5
2.5
1.25
1.0
2.75
2.25
4.0
2.25
3.5
1.0
2.25
2.25
1.200000
4.25
2.25
3.5
2.0
4.5
3.25
1.5
2.75
2.25
5.000000
4.75
2.25
2.5
4.0
1.400000
1.75
2.5
4.0
3.5
1.0
2.5
1.75
1.400000
5.000000
2.600000
2.25
3.800000
1.25
2.5
0.000000
2.75
2.25
3.25
0.25
1.600000
5.000000
1.25
1.75
1.5
3.25
2.25
4.0
3.75
2.5
3.25
3.75
0.0
3.5
1.0
2.5
0.0
2.75
2.5
3.0
2.75
2.0
2.5
3.400000
0.800000
2.75
1.25
1.400000
4.5
2.5
1.75
3.0
4.0
1.0
3.5
2.25
2.0
2.5
1.400000
3.25
4.0
1.75
4.0
2.25
0.000000
0.25
4.5
2.0
1.75
0.0
4.400000
3.75
3.75
4.5
3.000000
2.75
3.25
5.000000
0.75
4.5
2.25
3.25
0.0
3.25
2.25
3.0
3.25
3.25
2.800000
2.75
1.800000
2.25
2.5
4.25
0.0
3.25
1.000000
0.25
4.75
1.5
1.0
3.25
1.25
0.0
3.5
4.0
1.600000
3.5
5.0
4.0
2.0
2.0
1.0
3.5
1.75
3.0
1.75
3.5
4.400000
1.5
1.600000
1.75
2.75
2.600000
4.25
2.25
2.5
3.75
3.5
2.75
5.0
4.0
1.0
3.200000
2.5
4.5
3.5
3.25
3.000000
2.75
5.0
3.5
3.0
3.5
3.25
2.25
3.0
2.600000
2.75
3.25
4.800000
0.5
4.0
1.600000
1.75
4.000000
0.5
3.0
1.75
2.200000
2.0
2.600000
1.0
1.5
2.0
2.200000
1.0
2.0
3.0
2.25
2.200000
1.5
2.0
2.0
3.5
0.0
4.5
1.75
4.600000
0.0
3.0
2.5
3.75
4.0
3.0
3.0
2.0
3.75
1.75
1.25
5.000000
3.0
5.000000
3.5
2.0
1.5
2.5
2.75
1.5
3.600000
3.25
0.0
2.25
2.5
4.0
2.75
1.200000
2.5
3.0
0.0
3.75
2.0
2.600000
2.5
4.200000
0.0
2.75
3.5
3.0
2.75
3.5
3.25
2.75
1.5
4.400000
4.0
3.25
2.0
0.0
1.75
1.5
0.625
4.5
2.75
2.0
2.5
3.5
0.0
0.25
3.0
2.5
1.5
3.5
2.0
0.25
4.800000
4.25
2.5
0.0
4.5
2.5
5.0
3.5
2.75
0.0
1.25
4.75
1.200000
4.000000
2.800000
2.75
0.25
4.25
1.5
1.75
3.25
2.5
0.0
2.75
2.75
2.5
4.5
4.600000
0.75
4.75
2.75
4.75
4.75
2.000000
4.25
1.75
0.25
4.0
0.0
5.0
0.600000
0.5
2.5
2.0
0.25
2.5
2.75
2.5
2.75
1.5
3.75
1.75
2.5
0.000000
4.0
2.25
4.5
0.75
4.25
3.25
1.5
2.5
0.0
4.800000
0.25
2.5
2.75
3.000000
1.25
1.0
2.5
2.0
0.0
0.75
3.5
2.75
0.0
3.0
1.25
2.0
4.75
0.25
2.5
0.000000
2.75
3.0
3.0
5.0
1.5
4.25
3.5
4.25
3.75
2.75
4.25
2.5
2.25
3.75
3.5
2.5
2.5
2.25
3.0
5.000000
4.25
1.75
3.25
2.0
3.75
3.0
3.75
2.0
1.5
2.5
3.75
1.75
2.0
2.5
4.5
2.25
4.0
3.0
2.75
3.25
0.000000
4.25
5.000000
2.75
2.75
3.25
0.75
3.5
4.5
1.75
1.75
2.5
2.75
1.5
0.400000
3.5
4.0
2.5
0.0
4.25
2.5
3.5
3.25
2.0
2.0
3.0
2.75
2.0
0.200000
2.25
1.600000
5.000000
3.25
4.75
4.25
3.0
0.25
3.25
2.0
4.000000
3.25
3.75
4.0
3.5
3.75
0.0
3.5
2.5
3.5
4.5
2.25
4.25
2.75
3.5
3.5
2.400000
1.000000
1.75
2.000000
0.0
4.0
2.75
3.25
1.75
2.5
2.75
0.0
1.5
0.0
3.25
1.5
2.25
0.000000
2.600000
3.0
3.25
2.25
1.5
0.5
1.75
2.0
3.5
1.200000
1.25
0.600000
2.25
2.400000
0.75
3.0
0.75
2.75
0.75
0.25
2.5
0.0
3.0
2.5
3.800000
2.25
3.25
3.5
4.0
1.600000
3.0
1.5
3.0
0.600000
5.0
3.5
4.600000
1.25
2.600000
3.25
4.5
2.5
1.400000
3.0
2.25
2.5
3.25
2.75
3.25
3.5
1.25
0.75
0.0
0.25
3.75
2.0
3.5
0.600000
4.75
3.0
3.25
1.75
2.75
2.5
0.400000
4.25
1.75
3.75
2.0
1.25
4.0
2.600000
3.0
0.0
1.5
2.5
3.5
2.200000
1.75
4.5
4.0
1.25
2.25
3.0
1.75
4.0
4.0
3.0
1.75
3.0
2.600000
1.25
0.25
1.5
3.75
1.25
1.75
3.75
2.5
3.25
1.600000
3.25
0.400000
4.6875
4.25
2.5
2.25
4.0
1.75
2.75
3.75
2.5
1.5
3.75
4.75
2.0
3.5
3.5
3.25
2.25
3.0
1.25
3.0
2.75
2.25
2.75
2.5
2.75
2.75
3.800000
2.5
3.25
3.75
3.25
4.5
2.5
2.0
1.5
0.75
4.25
5.000000
3.25
3.25
0.400000
2.75
2.0
0.75
2.75
0.800000
5.0
4.0
5.000000
2.25
4.5
3.0
1.75
4.25
2.0
2.25
1.75
2.75
1.5
4.000000
2.75
0.800000
0.25
3.5
2.25
1.75
1.25
4.75
0.000000
1.75
2.25
3.25
2.1875
3.5
4.5
1.400000
0.0
2.5
2.5
2.0
2.25
0.75
2.5
0.75
2.25
0.0
1.75
0.75
0.0
2.75
1.5
4.25
4.5
3.5
3.0
1.400000
3.0
4.75
1.5
0.0
4.800000
3.5
4.600000
1.000000
3.5
2.0
2.0
2.0
2.5
4.5
2.25
2.0
1.25
3.25
1.25
2.0
2.75
0.0
0.0
3.0
1.5
3.0
1.75
2.5
3.25
1.5
2.0
0.0
0.25
2.75
2.75
0.0
1.25
0.0
5.0
4.5
4.000000
0.25
3.0
1.0
1.25
1.400000
2.25
2.25
0.0
0.0
2.000000
1.25
0.0
2.25
3.800000
1.25
3.25
4.75
3.5
3.400000
1.75
2.5
0.000000
3.400000
4.0
0.0
3.5
1.75
3.200000
1.75
3.5
4.5
0.25
2.800000
1.75
3.75
3.5
1.0
5.000000
3.25
1.75
2.75
2.25
3.25
4.75
1.5
0.75
2.600000
4.25
1.75
2.0
3.600000
2.5
0.000000
3.0
4.000000
4.25
2.75
3.5
0.400000
4.5
2.0
2.5
0.0
2.25
1.75
4.25
3.75
3.25
3.25
3.75
2.25
3.25
0.0
2.5
4.200000
4.25
3.0
1.000000
2.8125
4.5
2.0
4.0
2.75
3.25
0.0
2.0
5.0
3.75
4.5
4.0
0.800000
3.5
2.25
2.25
1.0
0.25
3.0
1.75
2.200000
1.75
3.400000
2.5
2.5
4.0
5.0
3.25
2.25
3.25
2.75
3.25
3.0
3.25
0.0
3.600000
1.600000
4.0
2.75
3.25
2.25
3.0
2.75
2.5
3.0
2.600000
3.5
0.800000
1.400000
1.5
1.75
3.000000
1.0
2.0
5.0
1.5
2.25
3.75
3.75
2.0
4.0
2.75
4.75
2.0
2.5
0.800000
4.75
1.0
2.5
2.000000
4.25
3.0
4.5
4.5
1.5
4.5
2.0
0.75
2.0
1.25
2.5
1.75
2.25
3.75
0.0
4.0
2.5
1.200000
3.5
1.000000
1.75
3.75
4.0
2.25
1.200000
1.5
0.800000
3.600000
4.0
2.0
3.75
1.75
3.75
3.25
3.0
4.0
3.75
3.25
2.75
3.0
2.0
3.25
2.0
1.75
1.5
4.75
0.600000
0.0
2.75
1.25
3.0
0.0
2.800000
2.75
2.0
2.75
0.25
3.25
3.0
2.25
0.0
3.75
4.375
0.3125
0.75
1.5
4.0
0.0
4.0
3.75
0.0
3.75
2.0
0.0
3.5
0.800000
2.5
2.75
2.5
2.75
1.5
3.600000
0.0
1.25
4.5
2.25
2.75
1.0
2.75
3.75
2.0
2.5
3.75
3.0
2.5
0.400000
3.5
5.0
3.75
4.25
1.25
0.0
3.5
0.25
2.800000
1.75
3.5
2.0
3.5
2.0
4.25
3.0
3.25
2.75
4.0
0.000000
0.75
4.400000
3.25
2.5
3.5
2.5
3.5
3.0
2.0
2.25
1.0
1.0
1.25
2.25
3.75
0.0
0.25
1.0
3.5
0.0
0.25
4.25
3.0
4.75
2.0
2.75
2.5
0.000000
3.0
4.0
2.5
3.5
4.0
0.0
2.5
4.0
0.0
1.0
2.75
3.5
3.25
4.200000
2.275
3.5
0.0
0.600000
2.75
4.25
5.0
1.5
0.0
1.600000
4.5
2.25
4.375
0.400000
2.75
2.0
0.75
3.0
3.5
5.0
3.25
1.5
2.5
4.5
4.5
0.0
3.5
2.75
1.25
3.75
4.5
0.0
3.75
0.400000
3.5
1.25
0.25
2.25
1.0
3.25
2.5
3.25
1.000000
3.0
0.200000
2.0
4.25
0.400000
1.0
4.25
4.25
3.75
2.0
0.0
1.0
0.400000
4.6875
2.0
2.0
3.0
1.0
0.000000
3.5
0.5
1.25
4.0
4.0
2.75
4.75
2.25
3.5
4.5
3.75
0.5
4.25
1.75
3.75
1.5
3.5
3.25
0.800000
1.0
0.5
0.25
2.0
2.0
0.000000
4.25
4.25
1.0
1.0
3.25
2.25
3.5
3.0
2.75
3.25
2.5
2.25
2.75
1.200000
2.5
2.75
2.0
2.25
3.25
4.0
3.0
2.0
4.5
3.25
2.75
3.0
3.25
2.25
2.000000
2.75
4.25
4.25
3.75
1.0
0.000000
5.0
0.5
2.0
0.75
3.5
2.5
4.5
3.5
5.0
4.400000
1.75
2.25
2.5
3.5
4.0
0.000000
0.0
2.5
2.5
0.200000
4.200000
4.75
4.0
3.75
3.75
3.25
3.5
2.25
2.0
0.0
0.5
3.75
2.75
3.25
2.5
1.200000
2.25
3.75
3.5
3.5
1.75
3.25
2.75
0.0
3.25
2.0
3.25
1.5
2.25
3.0
1.0
3.000000
2.5
2.75
4.25
2.5
5.0
0.0
4.75
1.75
4.5
3.0
1.600000
3.75
3.5
3.5
1.5
3.75
3.5
3.400000
4.5
3.75
3.75
3.25
4.600000
1.25
2.25
3.75
1.5
4.75
3.25
4.75
2.0
1.75
0.600000
3.4375
1.5
1.75
3.5
3.5
2.5
2.25
4.0
3.400000
0.0
2.25
1.400000
0.0
1.75
2.5
1.600000
4.0
0.0
3.5
5.0
4.5
4.0
3.0
3.75
0.0
1.800000
3.0
2.5
2.25
4.5
2.5
4.375
3.0
2.400000
1.25
2.25
3.25
0.0
1.200000
4.75
3.75
2.0
2.5
3.400000
3.0
3.5
2.75
3.25
0.75
1.5
4.75
1.25
4.5
3.5
2.0
3.25
2.25
2.000000
5.0
3.0
1.0
3.25
3.0
2.25
2.600000
2.0
4.75
3.75
0.800000
2.400000
4.25
4.0
3.0
0.0
3.0
5.0
2.0
3.5
3.0
3.75
0.75
0.0
1.5
3.5
4.0
3.200000
4.25
4.0
0.0
1.25
1.5
2.0
2.5
2.25
4.800000
0.25
0.0
0.0
3.0
4.25
3.75
2.0
3.75
2.5
1.25
4.25
3.0
1.25
4.600000
4.5
2.5
5.000000
0.75
2.0
2.800000
4.0
3.0
3.25
3.0
0.000000
4.0
3.0
3.0
3.5
3.0
1.5
1.25
0.0
3.75
1.25
3.25
4.5
2.25
4.0
2.0
2.0
0.5
3.25
3.75
3.0
2.25
4.5
3.0
2.0
3.0
4.400000
2.5
0.5
4.0
2.5
4.75
2.75
2.75
4.5
3.25
2.25
2.75
3.75
2.25
3.0
2.75
3.75
3.000000
3.5
2.000000
1.75
4.0
1.5
2.75
0.000000
3.5
3.25
2.000000
4.5
3.5
2.25
0.000000
0.200000
3.25
2.0
3.5
0.0
3.25
1.5
2.25
2.0
3.0
2.800000
3.0
2.0
4.5
2.5
2.25
4.75
3.5
1.200000
3.75
3.25
2.75
4.0
